486000
48284828
481982
48164816
481100
47894789
478569
475869123
4747DSsZ
472535
472005
472000
471471
471330
47124712
470470
46584658
465666
46544654
464811652
46424642
46324632
462900
462855
462000
461997
461982
461626
461022
46004600
460000
45love
45994599
45904590
458900
45884588
45804580
45794579
457457
456love
456978
4569123
4568521379
45685213
456823
45678912
456369
455565
455454
454578
454569
454345
453600
452397
452345
45224522
452004
451979
451976
451245
451212
451203
45104510
45044504
45004500
44ever
44994499
449911
4484BQO8
447799
447744
447711
446677
446622
4459302
445511
445500
444469
444446
444443
4444333
4444321
44440000
444123
443443
442522
44214421
441997
441979
441600
44124412
441133
441100
44054405
43964396
436436
435362
4328437
432165
432001
432000
431997
431986
431979
431585
431314
431256
431200
430500
4301992
4289138Gp
42888KFlr
4288lsDN
427cobra
42794279
4279090gW
427726
42692Jk9V
426855
426759
426109411
42564256
42514251
42490eJKf
424200
4241990
4241985
424005
42389c24d
42387GHb9
421998
421169
42108DfmN
420forever
420blaze
420bitches
420911
42091iL2J
4209035U3
420777
420420d
4202000
420143
42006tyP2
41996YML1
41994199
41993WVUy
41988MPPQ
419523
41824182
4181994
4171992
4171988
4161996
4161989
4152412542
415236
41506UoQX
41424142
4141H0ip
41354135
41304130
41295Caw5
412532
412515
41244124
412300
4121994
4121982
4121979
411998
411980
41194TGyA
411934C0R
411800
4112533
41091OCGi
4102538
4102007
4101983
4101982
40904090
40514051
403020
402060
40114011
40004000
3str3lla
3series
3puntos
3poohbear
3people
3octubre
3mmanu3l
3maria
3lucky
3lover
3lilones
3lilangels
3kitty
3james
3flower
3enero
3e3e3e
3dognight
3doggs
3deagosto
3dale3
3d3d3d
3company
3colors
3cheese
3charmed
3babes
3CHILDREN
398398
39363936
39273927
392392
39233923
392007
391994
391984
389100
388888
38833883
386423
383stroker
382563
382533
381986
381973
3818919
38123812
38113811
377777
3773519
3737VaUf
3726247
372100
371996
371977
371969
371371
3698520147
369800
369789
3692580147
369159
369120
36893689
3674507
367367
3660462
364800
3636njw7
36353635
363077
36251879
36243624
362236
362200
362000
36193619
359862
359157
358853
357689
3574123
35703570
357000
356746
356123
35533553
35433543
353805
35373537
35263526
352504
352463
35243524
352222
352007
351981
351977
351957
351500
351426
34993499
3498789
349761
348348
34773477
34673467
343638
34345LASS
342bhaby
34263426
342620070
342535
342516
34233423
3422aa
34203420
342008
341984
341983
341979
341700
34023402
34003400
33green
339900
3392839
33873387
33783378
33743374
336969
33669900
336688
336473
335511
335500
3354242
334747
33433343
333love
333aaa
33339999
333333k
333333j
333332
333322
333231
33322Otwf
3331333
33303330
332538
332533
33243324
332335
332322
332299
332266
33223322
332232
33221xifq
3321iW5v
332006
331974
33186YBTr
33133ZoND
331221
331212
3311986s
331177
331010
331000
3303L98X
329999
329929Ppx
32891DloS
32863286
32853285
327946
3271992
32691SYxG
32696Rud
325896
325498
325411
32489npO9
32484qfqD
32453245
324200
3241991
3241987
32395J1ET
3235556439
323436
323435
323223
323213
323200
322535
32253225
322432
322310
3221990
3221989
3221987
322100
322002
322000
321love
321980
321977
321970
321910Bqx
321900
321741
32167QTlT
3216547
321500
321474NjN
321420
3213lVRh
32106mB8N
3210123
32088qMMU
320473k
320023
31october
31julio
31iulie
31enero
31december
31995q0Xz
31990saIg
3191990
318888
31843184
31803180
317717
317537l
317300
317100
31643164
31590bwUr
31584G3A8
31567GkLr
31563156
3151988
3151985
315000
314873cMf
314256
3141990
313854
313582
31353135
3135219
3131991
3131984
313177
313100
31300bLqH
31293129
31292V2ZB
312900
31290qxzW
312890
312425
312412
3122533
3121984
3121979
312124
31205N53o
312022
312019
312011
312003
312001
311974
311973
31196sLTw
31193CRuI
3118614xs
31181U9Nw
311411
311313
311312
311268
311265
311264
311236
31122008
31121983
311217
311214
3111983
31113111
311131
31111I11e
31105rRdY
311024
311022
31101978
311010
311008
310898
31088CSsN
310875
310833
31082536
31082535
31082004
31081976
310776
31072536
31072534
31072529
310703
310577
310574
310530
31052527
31052524
310504
310500
310412
310376
310370
310367
310336
310334
310326
31032532
31032524
31031997
31031975
310311
310302
310301
31023102
310216
3101996
310199
3101987
31012532
31012529
31012525
310125
31012005
31012Mjz4
31011997
31011983
310119
310110
310013
30march
30december
3081991
30621uIow
3061989
305MIA
30543054
3051992
3051991
304403
3041994
3041993
30413041
30394ZY2P
303369
303234
30323032
303202
3031993
30313233
302700
302534
302509
302401
302311
302145
302000
301972
301968
30163016
301429
30133013
301272
301266
301245
301237
30122529
30122527
30122526
301221
30122007
30122006
30121981
30121978
3011996
3011993
301198
301170
301166
301164
30112532
301123
30112004
301112
301071
301037
301035
30102526
30102525
30102522
301017
301009
300zxSp7n
300975
300969
300961
300936
300934
30092527
30091983
300876
300833
300828
300827
300826
30082528
30082007
30082006
300799
300775
300729
30072537
30072533
30071982
30071980
300710
300700
300699
300677
300669
300666
300635
300631
300628
30062531
30062526
30062525
30061980
30061979
30061970
300576
300534
30053005
300526
30052531
30052528
30052527
30052526
300523
30052006
30051995
30051993
300517
300509
300477
300469
30042536
30041997
30041981
30041980
300409
300398
300397
300377
300376
300373
300360
30032528
30032003
30031996
30031985
30031983
300301
300228
300162
300136
300133
300126
30012532
30012530
30012008
30012005
30011982
300101
2yomama
2x4b523p
2tymer
2twinz
2twingirls
2titties
2tigger
2thomas
2thetop
2themax
2teamo
2smiles
2skinny
2sexyforu
2secrets
2rugrats
2ql4skl
2pussy
2private
2pink4u
2pinknJXv
2penguins
2peace
2pac96
2pac69
2pac22
2pac1996
2pac11
2octubre
2niggas
2newyork
2ndchild
2ndborn
2myself
2mygirls
2muchshit
2much4ya
2mexican
2marines
2manycats
2loveable
2lilgirls
2lilboys
2lilangels
2laugh
2ksports
2kittys
2junior
2jordan
2jasmine
2jamaica
2in10se4u
2hannah
2grown
2goodforu
2girlz
2girls4me
2getmoney
2fuckers
2freaks
2forme
2fast4u2
2ducks
2drunk
2dolphin
2dogs1cat
2divorce
2demarzo
2dallas
2cuteboys
2cute!
2cut34u
2cowboys
2college
2chicken
2boys2
2blonde
2blessings
2bless
2blackcats
2biteme
2bebes
2beans
2banana
2bailey
2babygurl
2babies2
2awesome
2andrea
2MUCH4U
2GETHER
2FC415
2BABIES
29october
29mayo
29marzo
29982998
298298
2981993
2981988
2971990
2961992
2951994
2951989
2941986
2931994
292900
292317
2921992
29212921
292129
292120
292033
292001
291965
291807
291600
291500
291271
291250
291228
29122534
29122533
29122528
29122004
29121982
291210
2911996
2911995
2911990
291199
291174
29112523
291125
291123
29112006
29112005
29111979
291118
29111AONs
291102
291075
291073
29102536
291025
291023
291022
29102004
29101997
291010
290934
29092529
290925
290923
290922
29092005
29091979
29091977
290911
290909
290874
290873
290833
29082908
29082534
29082533
29082530
29082527
29082005
29081997
29081982
290775
290727
29072533
29072525
290725
29071973
290701
290699
290698
290626
29062535
29062524
29062006
29061980
290536
29052529
29052007
29051998
29051996
29042904
290429
29042535
29042530
29042528
29042525
290422
29042007
29041997
290380
290375
29032534
290324
29031997
29031974
290301
290300
29022902
290227
290212
290198
290179
290160
290135
290133
290122
29012007
29011995
29011982
290109
290101
28octubre
28april
2891991
2891990
28912891
28862886
2886130
2881991
2871994
2871992
2871989
2862127
2861995
285700
2851995
2851992
284600
28422842
283128
28293031
282920
282903
282900
282899
282812
282707
282600
282508
282489
282428
282422
282418
282302
2821991
2821990
282195
282021
282017
281972
281971
281969
28192819
281914
281800
281721
281714
281713
281710
281628
281616
281614
281610
281521
281518
281402
28122537
28122535
28122522
281225
28122005
28121978
28121975
281216
281213
28112529
28112527
28112005
281114
281111
28111fpEh
28102537
28102536
281021
28101975
281017
281012
280974
280966
280929
28092531
28092523
280925
28092007
28091978
280900
280879
280877
280836
28082530
28082525
280823
280822
28082006
28082005
28081997
28081981
28081977
280801
280775
280733
280727
28072532
28072530
28072528
28072006
28071996
280676
280671
280633
280629
28062806
28061997
28061981
280611
280578
280532
28052531
280522
28052007
28052005
28051977
280512
280500
280499
280426
28042539
28042530
280425
280422
28041976
280419
